[38;2;0;0;0m███████████████████████████████████████████████████████[0m
[38;2;0;0;0m█████████████████████████████████[38;2;0;0;0;48;2;68;77;129m▀[38;2;0;0;0m█████████████████████[0m
[38;2;0;0;0m██████████████████████████████[38;2;0;0;0;48;2;68;77;129m▀▀[38;2;68;77;129m██[38;2;0;0;0m█████████████████████[0m
[38;2;0;0;0m███████████████████████████[38;2;0;0;0;48;2;68;77;129m▀▀[38;2;68;77;129m████[38;2;68;77;129;48;2;0;0;0m▀[38;2;0;0;0m█████████████████████[0m
[38;2;0;0;0m████████████████████████[38;2;0;0;0;48;2;68;77;129m▀▀[38;2;68;77;129m██████[38;2;68;77;129;48;2;0;0;0m▀[38;2;0;0;0;48;2;68;77;129m▀▀▀▀[38;2;68;77;129m█████[38;2;0;0;0m█████████████[0m
[38;2;0;0;0m█████████████████████[38;2;0;0;0;48;2;62;70;116m▀[38;2;0;0;0;48;2;68;77;129m▀[38;2;68;77;129m█████[38;2;68;77;129;48;2;0;0;0m▀▀[38;2;0;0;0;48;2;68;77;129m▀▀[38;2;68;77;129m███████[38;2;68;77;129;48;2;0;0;0m▀▀[38;2;0;0;0m██████████████[0m
[38;2;0;0;0m███████████████████[38;2;0;0;0;48;2;68;77;129m▀[38;2;68;77;129m████████████[38;2;68;77;129;48;2;0;0;0m▀▀▀[38;2;68;77;129m█[38;2;0;0;0;48;2;68;77;129m▀▀▀[38;2;0;0;0m████████████████[0m
[38;2;0;0;0m█████████████████[38;2;0;0;0;48;2;68;77;129m▀[38;2;68;77;129m███████████████████████[38;2;0;0;0;48;2;68;77;129m▀[38;2;0;0;0m█████████████[0m
[38;2;0;0;0m███████████████[38;2;0;0;0;48;2;68;77;129m▀[38;2;68;77;129m███████████████████████████[38;2;0;0;0;48;2;68;77;129m▀[38;2;0;0;0m███████████[0m
[38;2;0;0;0m██████████████[38;2;0;0;0;48;2;255;251;228m▀[38;2;68;77;129;48;2;255;251;228m▀[38;2;68;77;129m███████████[38;2;68;77;129;48;2;255;251;228m▀▀▀[38;2;255;251;228m█████[38;2;68;77;129;48;2;255;251;228m▀▀▀[38;2;68;77;129m███████[38;2;0;0;0m██████████[0m
[38;2;0;0;0m█████████████[38;2;255;251;228m██[38;2;255;251;228;48;2;0;0;0m▀▀[38;2;255;251;228m█[38;2;68;77;129;48;2;255;251;228m▀[38;2;68;77;129m██████[38;2;68;77;129;48;2;255;251;228m▀[38;2;255;251;228m█████████████[38;2;68;77;129;48;2;255;251;228m▀▀[38;2;68;77;129m█████[38;2;0;0;0;48;2;68;77;129m▀[38;2;0;0;0m████████[0m
[38;2;0;0;0m████████████[38;2;255;251;228m██[38;2;0;0;0m████[38;2;255;251;228;48;2;0;0;0m▀[38;2;254;250;227;48;2;255;251;228m▀[38;2;68;77;129m███[38;2;68;77;129;48;2;255;251;228m▀[38;2;255;251;228m███[38;2;0;0;0m████[38;2;255;251;228;48;2;0;0;0m▀[38;2;255;251;228m██████████[38;2;68;77;129;48;2;255;251;228m▀[38;2;68;77;129m████[38;2;0;0;0;48;2;68;77;129m▀[38;2;0;0;0m███████[0m
[38;2;0;0;0m███████████[38;2;255;251;228m███[38;2;0;0;0;48;2;255;251;228m▀▀▀[38;2;0;0;0m██[38;2;255;251;228m██[38;2;68;77;129m█[38;2;255;251;228m██████[38;2;0;0;0;48;2;255;251;228m▀▀[38;2;0;0;0m██[38;2;255;251;228m███████████[38;2;68;77;129;48;2;255;251;228m▀[38;2;68;77;129m████[38;2;0;0;0;48;2;68;77;129m▀[38;2;0;0;0m██████[0m
[38;2;0;0;0m██████████[38;2;0;0;0;48;2;255;251;228m▀[38;2;255;251;228m███[38;2;255;251;228;48;2;0;0;0m▀[38;2;0;0;0m█[38;2;0;0;0;48;2;241;80;22m▀▀▀[38;2;167;25;2m███[38;2;255;251;228;48;2;167;25;2m▀[38;2;255;251;228m████[38;2;0;0;0m█████[38;2;255;251;228m████████████[38;2;68;77;129;48;2;255;251;228m▀[38;2;68;77;129m████[38;2;0;0;0;48;2;68;77;129m▀[38;2;0;0;0m█████[0m
[38;2;0;0;0m██████████[38;2;255;251;228m██[38;2;255;251;228;48;2;241;80;22m▀▀[38;2;241;80;22m█████[38;2;167;25;2m████[38;2;255;251;228m████[38;2;0;0;0;48;2;255;251;228m▀[38;2;0;0;0m██[38;2;0;0;0;48;2;255;251;228m▀[38;2;255;251;228m██████████████[38;2;68;77;129m█████[38;2;0;0;0m█████[0m
[38;2;0;0;0m█████████[38;2;35;35;32;48;2;254;246;222m▀[38;2;255;251;228;48;2;241;80;22m▀[38;2;241;80;22m████████[38;2;167;25;2m█████[38;2;255;251;228m█████████████████████[38;2;68;77;129m██████[38;2;0;0;0m████[0m
[38;2;0;0;0m███████[38;2;0;0;0;48;2;241;80;22m▀[38;2;241;80;22m███████████[38;2;167;25;2m██████[38;2;243;136;28m████[38;2;255;251;228;48;2;243;136;28m▀[38;2;255;251;228m███████████████[38;2;68;77;129m██████[38;2;0;0;0m████[0m
[38;2;0;0;0m█████[38;2;0;0;0;48;2;241;80;22m▀[38;2;241;80;22m█████████████[38;2;167;25;2m███████[38;2;243;136;28;48;2;167;25;2m▀[38;2;243;136;28m███[38;2;255;251;228m██████████████[38;2;255;251;228;48;2;75;83;133m▀[38;2;68;77;129m███████[38;2;0;0;0m███[0m
[38;2;0;0;0m████[38;2;241;80;22;48;2;0;0;0m▀▀▀▀▀▀▀▀▀▀▀▀▀▀▀[38;2;167;25;2;48;2;0;0;0m▀▀▀▀▀▀[38;2;0;0;0;48;2;167;25;2m▀[38;2;0;0;0;48;2;243;136;28m▀[38;2;243;136;28m███[38;2;255;251;228m█████████████[38;2;255;251;228;48;2;68;77;129m▀[38;2;68;77;129m████████[38;2;0;0;0m███[0m
[38;2;0;0;0m█████[38;2;241;80;22;48;2;0;0;0m▀[38;2;241;80;22m█████████████[38;2;167;25;2m██████[38;2;167;25;2;48;2;243;136;28m▀[38;2;243;136;28m██[38;2;243;136;28;48;2;255;251;228m▀[38;2;255;251;228m█████████████[38;2;255;251;228;48;2;68;77;129m▀[38;2;68;77;129m█████████[38;2;0;0;0m███[0m
[38;2;0;0;0m███████[38;2;241;80;22;48;2;0;0;0m▀[38;2;241;80;22;48;2;68;77;129m▀[38;2;241;80;22m██████████[38;2;167;25;2;48;2;241;80;22m▀[38;2;167;25;2m████[38;2;167;25;2;48;2;255;251;228m▀[38;2;255;251;228m███████████████[38;2;255;251;228;48;2;68;77;129m▀[38;2;68;77;129m███████████[38;2;0;0;0m███[0m
[38;2;0;0;0m████████[38;2;68;77;129m███[38;2;241;80;22;48;2;68;77;129m▀▀[38;2;241;80;22m███████[38;2;167;25;2m████[38;2;255;251;228m█████████████[38;2;255;251;228;48;2;68;77;129m▀[38;2;68;77;129m██████████████[38;2;0;0;0m███[0m
[38;2;0;0;0m████████[38;2;68;77;129m████████[38;2;241;80;22;48;2;68;77;129m▀▀▀[38;2;241;80;22;48;2;220;79;31m▀[38;2;241;80;22m█[38;2;167;25;2m███[38;2;255;251;228m███████[38;2;255;251;228;48;2;68;77;129m▀▀▀[38;2;68;77;129m██████████████████[38;2;3;3;4;48;2;0;0;0m▀[38;2;0;0;0m██[0m
[38;2;0;0;0m████████[38;2;68;77;129;48;2;0;0;0m▀[38;2;68;77;129m███████████████████████████████████████████[38;2;0;0;0m███[0m
[38;2;0;0;0m██████████[38;2;68;77;129;48;2;0;0;0m▀▀[38;2;68;77;129;48;2;64;73;122m▀[38;2;68;77;129m█████████████████████████████████[38;2;68;77;129;48;2;0;0;0m▀▀▀[38;2;0;0;0m██████[0m
[38;2;0;0;0m████████████████[38;2;68;77;129;48;2;0;0;0m▀▀▀▀[38;2;68;77;129;48;2;55;62;103m▀[38;2;68;77;129m████████████████[38;2;68;77;129;48;2;0;0;0m▀▀▀▀▀[38;2;0;0;0m█████████████[0m
[38;2;0;0;0m███████████████████████████████████████████████████████[0m
[38;2;0;0;0m███████████████████████████████████████████████████████[0m
