[38;2;0;0;0m██████████████████████████████████████████████████████████████████[0m
[38;2;0;0;0m██████████████████████████████████████████████████████████████████[0m
[38;2;0;0;0m██████████████████████████████████████████████████████████████████[0m
[38;2;0;0;0m██████████████████████████████████████████████████████████████████[0m
[38;2;0;0;0m██████████████████████████████████████████████████████████████████[0m
[38;2;0;0;0m██████████████████████████████████████████████████████████████████[0m
[38;2;0;0;0m██████████████████████████████████████████████████████████████████[0m
[38;2;0;0;0m████████████████████[38;2;0;0;0;48;2;255;255;255m▀[38;2;255;255;255;48;2;0;0;0m▀▀▀[38;2;255;255;255;48;2;10;12;22m▀[38;2;250;250;250;48;2;53;66;122m▀[38;2;8;8;8;48;2;53;66;122m▀[38;2;0;0;0;48;2;53;66;122m▀▀▀▀▀[38;2;182;182;182;48;2;53;66;122m▀[38;2;255;255;255;48;2;52;65;121m▀[38;2;255;255;255;48;2;0;0;0m▀▀▀▀▀[38;2;0;0;0;48;2;237;237;237m▀[38;2;0;0;0;48;2;255;255;255m▀▀[38;2;0;0;0;48;2;254;254;254m▀[38;2;0;0;0m███████████████████████[0m
[38;2;0;0;0m█████████████████[38;2;0;0;0;48;2;255;255;255m▀[38;2;254;254;254;48;2;0;0;0m▀[38;2;255;255;255;48;2;0;0;0m▀▀[38;2;0;0;0m█[38;2;53;66;122;48;2;0;0;0m▀▀▀[38;2;53;66;122m████████[38;2;53;66;122;48;2;52;65;121m▀[38;2;53;66;122;48;2;0;0;0m▀▀▀[38;2;53;66;122;48;2;55;53;48m▀[38;2;53;66;121;48;2;244;234;211m▀[38;2;29;35;65;48;2;0;0;0m▀[38;2;0;0;0m███[38;2;255;255;255;48;2;0;0;0m▀▀▀[38;2;0;0;0;48;2;255;255;255m▀▀[38;2;0;0;0m██████████████████[0m
[38;2;0;0;0m████████████████[38;2;0;0;0;48;2;255;255;255m▀[38;2;249;249;249;48;2;0;0;0m▀[38;2;4;4;7;48;2;0;0;0m▀[38;2;53;66;122;48;2;0;0;0m▀▀▀[38;2;53;66;122m███████[38;2;53;66;122;48;2;0;0;0m▀▀[38;2;0;0;0;48;2;244;234;211m▀▀[38;2;231;222;200;48;2;244;234;211m▀[38;2;244;234;211m█████[38;2;7;4;4;48;2;244;234;211m▀[38;2;209;36;19;48;2;0;0;0m▀[38;2;209;36;19m██[38;2;0;0;0;48;2;209;36;19m▀[38;2;246;125;37;48;2;0;0;0m▀[38;2;246;125;37m█[38;2;0;0;0;48;2;246;125;37m▀▀[38;2;255;255;255;48;2;0;0;0m▀▀[38;2;0;0;0;48;2;255;255;255m▀▀[38;2;0;0;0m██████████████[0m
[38;2;0;0;0m██████████████[38;2;0;0;0;48;2;255;255;255m▀▀[38;2;255;255;255;48;2;0;0;0m▀[38;2;0;0;0m█[38;2;52;65;121;48;2;53;66;122m▀[38;2;53;66;122m███████[38;2;53;66;122;48;2;0;0;0m▀▀[38;2;0;0;0;48;2;244;234;211m▀[38;2;244;234;211m███████████[38;2;0;0;0;48;2;244;234;211m▀[38;2;209;36;19;48;2;6;2;1m▀[38;2;209;36;19m███[38;2;0;0;0m█[38;2;246;125;37m████[38;2;0;0;0;48;2;246;125;37m▀▀[38;2;255;255;255;48;2;0;0;0m▀[38;2;0;0;0;48;2;255;255;255m▀[38;2;0;0;0;48;2;254;254;254m▀[38;2;0;0;0m███████████[0m
[38;2;0;0;0m███████████[38;2;0;0;0;48;2;255;255;255m▀[38;2;254;254;254;48;2;11;11;11m▀[38;2;255;255;255;48;2;0;0;0m▀[38;2;0;0;0;48;2;53;66;122m▀▀[38;2;53;66;122m████████[38;2;53;66;122;48;2;0;0;0m▀[38;2;0;0;0;48;2;244;234;211m▀[38;2;91;88;79;48;2;244;234;211m▀[38;2;0;0;0;48;2;244;234;211m▀[38;2;244;234;211;48;2;0;0;0m▀▀[38;2;244;234;211m███████████[38;2;0;0;0m█[38;2;209;36;19m████[38;2;0;0;0m█[38;2;246;125;37m██████[38;2;0;0;0;48;2;246;125;37m▀[38;2;255;255;255;48;2;0;0;0m▀[38;2;255;255;255;48;2;180;176;173m▀[38;2;0;0;0;48;2;255;255;255m▀[38;2;0;0;0m█████████[0m
[38;2;0;0;0m████████[38;2;0;0;0;48;2;255;255;255m▀[38;2;255;255;255;48;2;0;0;0m▀▀[38;2;0;0;0;48;2;53;66;122m▀[38;2;48;60;110;48;2;53;66;122m▀[38;2;53;66;122m█████████[38;2;53;66;122;48;2;0;0;0m▀[38;2;0;0;0;48;2;244;234;211m▀[38;2;244;234;211m████[38;2;244;234;211;48;2;0;0;0m▀[38;2;1;1;1;48;2;255;255;255m▀[38;2;0;0;0;48;2;255;255;255m▀[38;2;192;185;166;48;2;0;0;0m▀[38;2;244;234;211;48;2;0;0;0m▀[38;2;244;234;211m████████[38;2;0;0;0m█[38;2;209;36;19m█████[38;2;0;0;0m█[38;2;246;125;37m███████[38;2;0;0;0;48;2;246;125;37m▀[38;2;7;5;4;48;2;0;0;0m▀[38;2;255;255;255;48;2;0;0;0m▀[38;2;0;0;0;48;2;255;255;255m▀[38;2;0;0;0m███████[0m
[38;2;0;0;0m█████[38;2;0;0;0;48;2;255;255;255m▀[38;2;254;254;254;48;2;255;255;255m▀[38;2;255;255;255;48;2;0;0;0m▀[38;2;0;0;0;48;2;53;66;122m▀[38;2;53;66;122m████████████[38;2;0;0;0m█[38;2;79;76;69;48;2;244;234;211m▀[38;2;244;234;211m█████[38;2;0;0;0;48;2;233;224;201m▀[38;2;255;255;255m████[38;2;0;0;0;48;2;255;255;255m▀▀[38;2;244;234;211;48;2;0;0;0m▀▀[38;2;244;234;211m████[38;2;71;40;33;48;2;0;0;0m▀[38;2;209;36;19m█████[38;2;0;0;0;48;2;209;36;19m▀[38;2;246;125;37;48;2;0;0;0m▀[38;2;246;125;37m████████[38;2;0;0;0;48;2;246;125;37m▀[38;2;2;1;0;48;2;0;0;0m▀[38;2;255;255;255;48;2;253;253;253m▀[38;2;0;0;0;48;2;255;255;255m▀[38;2;0;0;0m█████[0m
[38;2;0;0;0m███[38;2;0;0;0;48;2;255;255;255m▀[38;2;255;255;255;48;2;0;0;0m▀[38;2;3;3;3;48;2;0;0;0m▀[38;2;0;0;0;48;2;53;66;122m▀[38;2;53;66;122m████████████[38;2;53;66;122;48;2;0;0;0m▀[38;2;0;0;0;48;2;244;234;211m▀[38;2;244;234;211m██████[38;2;244;234;211;48;2;3;3;3m▀[38;2;244;234;211;48;2;0;0;0m▀[38;2;0;0;0m█[38;2;255;255;255;48;2;0;0;0m▀▀▀▀[38;2;0;0;0m█[38;2;255;255;255;48;2;0;0;0m▀[38;2;7;7;7;48;2;0;0;0m▀[38;2;0;0;0m██[38;2;244;234;211;48;2;0;0;0m▀[38;2;244;234;211m█[38;2;0;0;0m█[38;2;209;36;19m██████[38;2;0;0;0m█[38;2;246;125;37m██████████[38;2;0;0;0;48;2;246;125;37m▀[38;2;255;255;255;48;2;0;0;0m▀[38;2;0;0;0;48;2;255;255;255m▀[38;2;0;0;0m████[0m
[38;2;0;0;0m█[38;2;0;0;0;48;2;255;255;255m▀[38;2;255;255;255;48;2;0;0;0m▀[38;2;0;0;0;48;2;27;33;58m▀[38;2;8;9;16;48;2;53;66;122m▀[38;2;53;66;122m█████████████[38;2;53;66;122;48;2;0;0;0m▀[38;2;0;0;0;48;2;244;234;211m▀[38;2;244;234;211m█████████████[38;2;0;0;0;48;2;244;234;211m▀▀▀[38;2;0;0;0m██[38;2;0;0;0;48;2;244;234;211m▀[38;2;244;234;211m█[38;2;244;234;211;48;2;0;0;0m▀[38;2;0;0;0;48;2;209;36;19m▀[38;2;209;36;19m██████[38;2;91;18;10;48;2;209;36;19m▀[38;2;246;125;37;48;2;0;0;0m▀[38;2;246;125;37m███████████[38;2;0;0;0m█[38;2;255;255;255;48;2;254;254;254m▀[38;2;0;0;0m███[0m
[38;2;0;0;0m█[38;2;255;255;255;48;2;0;0;0m▀[38;2;0;0;0;48;2;254;254;254m▀[38;2;0;0;0;48;2;255;255;255m▀[38;2;53;66;122;48;2;0;0;0m▀▀[38;2;53;66;122m████████████[38;2;0;0;0;48;2;8;10;18m▀[38;2;244;234;211m████████████[38;2;244;234;211;48;2;243;233;210m▀[38;2;244;234;211;48;2;0;0;0m▀▀[38;2;244;234;211;48;2;240;230;207m▀[38;2;244;234;211m███[38;2;244;234;211;48;2;0;0;0m▀[38;2;0;0;0m█[38;2;208;35;19;48;2;209;36;19m▀[38;2;209;36;19m████████[38;2;0;0;0m█[38;2;246;125;37m████████████[38;2;0;0;0;48;2;170;88;27m▀[38;2;255;255;255;48;2;234;233;231m▀[38;2;0;0;0m██[0m
[38;2;0;0;0m████[38;2;255;255;255;48;2;0;0;0m▀▀[38;2;0;0;0;48;2;255;255;255m▀▀[38;2;53;66;122;48;2;0;0;0m▀[38;2;53;66;122m██████████[38;2;0;0;0m█[38;2;244;234;211m█████████[38;2;244;234;211;48;2;0;0;0m▀[38;2;0;0;0;48;2;238;197;33m▀[38;2;227;188;30;48;2;238;197;33m▀[38;2;238;197;33m██[38;2;233;193;32;48;2;238;197;33m▀[38;2;0;0;0;48;2;238;197;33m▀[38;2;244;234;211;48;2;0;0;0m▀[38;2;0;0;0;48;2;209;36;19m▀▀[38;2;209;36;19m██████████[38;2;0;0;0m█[38;2;246;125;37m█████████████[38;2;0;0;0m█[38;2;255;255;255m█[38;2;0;0;0m█[0m
[38;2;0;0;0m████████[38;2;255;255;255;48;2;0;0;0m▀[38;2;0;0;0;48;2;255;255;255m▀[38;2;6;8;13;48;2;3;3;3m▀[38;2;53;66;122;48;2;0;0;0m▀[38;2;53;66;122m███████[38;2;47;58;106;48;2;53;66;122m▀[38;2;217;208;187;48;2;0;0;0m▀[38;2;244;234;211m███████[38;2;0;0;0m█[38;2;238;197;33m██[38;2;238;197;33;48;2;0;0;0m▀▀▀[38;2;0;0;0m█[38;2;0;0;0;48;2;122;21;11m▀[38;2;189;33;18;48;2;209;36;19m▀[38;2;3;1;0;48;2;209;36;19m▀[38;2;0;0;0;48;2;209;36;19m▀▀▀▀▀▀▀▀▀[38;2;71;13;7;48;2;209;36;19m▀[38;2;209;36;19m█[38;2;0;0;0m█[38;2;246;125;37;48;2;0;0;0m▀▀▀▀▀▀▀[38;2;246;125;37m██████[38;2;0;0;0m█[38;2;255;255;255m█[38;2;0;0;0m█[0m
[38;2;0;0;0m██████████[38;2;255;255;255;48;2;0;0;0m▀[38;2;255;255;255m█[38;2;0;0;0;48;2;255;255;255m▀[38;2;53;66;122;48;2;0;0;0m▀[38;2;53;66;122m██████[38;2;52;65;121;48;2;53;66;122m▀[38;2;0;0;0m█[38;2;244;234;211m██████[38;2;0;0;0m█[38;2;238;197;33m███[38;2;0;0;0;48;2;238;197;33m▀▀▀▀[38;2;209;36;19;48;2;0;0;0m▀[38;2;209;36;19m██████████[38;2;209;36;19;48;2;0;0;0m▀[38;2;0;0;0;48;2;240;122;36m▀[38;2;246;125;37m█████████[38;2;0;0;0m█[38;2;0;0;0;48;2;255;255;255m▀▀[38;2;11;6;2;48;2;230;229;228m▀[38;2;246;125;37;48;2;0;0;0m▀[38;2;0;0;0;48;2;163;161;158m▀[38;2;255;255;255m█[38;2;0;0;0m█[0m
[38;2;0;0;0m█████████████[38;2;255;255;255;48;2;0;0;0m▀[38;2;0;0;0;48;2;255;255;255m▀[38;2;53;66;122;48;2;0;0;0m▀[38;2;53;66;122m██████[38;2;0;0;0;48;2;53;66;122m▀[38;2;244;234;211;48;2;0;0;0m▀[38;2;244;234;211m█████[38;2;0;0;0;48;2;244;234;211m▀[38;2;227;188;31;48;2;12;11;10m▀[38;2;238;197;33;48;2;0;0;0m▀▀▀▀[38;2;0;0;0;48;2;244;234;211m▀▀[38;2;209;36;19;48;2;0;0;0m▀[38;2;209;36;19m████████[38;2;209;36;19;48;2;0;0;0m▀[38;2;0;0;0;48;2;246;125;37m▀[38;2;246;125;37m███████[38;2;246;125;37;48;2;0;0;0m▀[38;2;96;51;18;48;2;6;5;3m▀[38;2;0;0;0;48;2;255;255;255m▀[38;2;255;255;255;48;2;0;0;0m▀[38;2;0;0;0m███[38;2;255;255;255;48;2;0;0;0m▀[38;2;254;254;254;48;2;0;0;0m▀[38;2;0;0;0m██[0m
[38;2;0;0;0m███████████████[38;2;255;255;255;48;2;0;0;0m▀[38;2;0;0;0;48;2;255;255;255m▀[38;2;53;66;122;48;2;0;0;0m▀[38;2;53;66;122m██████[38;2;0;0;0;48;2;53;66;122m▀[38;2;244;234;211;48;2;0;0;0m▀[38;2;244;234;211m███████████[38;2;0;0;0;48;2;244;234;211m▀[38;2;209;36;19;48;2;0;0;0m▀[38;2;209;36;19m█████[38;2;209;36;19;48;2;49;11;6m▀[38;2;0;0;0m█[38;2;246;125;37m█████[38;2;246;125;37;48;2;0;0;0m▀▀[38;2;0;0;0;48;2;255;255;255m▀▀[38;2;255;255;255;48;2;0;0;0m▀▀[38;2;0;0;0m█████████[0m
[38;2;0;0;0m████████████████[38;2;255;255;255;48;2;0;0;0m▀[38;2;255;255;255m█[38;2;0;0;0;48;2;231;231;231m▀[38;2;53;66;122;48;2;0;0;0m▀[38;2;53;66;122m██████[38;2;0;0;0;48;2;53;66;122m▀▀[38;2;244;234;211;48;2;0;0;0m▀▀[38;2;244;234;211m████████[38;2;0;0;0m█[38;2;209;36;19m████[38;2;209;36;19;48;2;0;0;0m▀[38;2;0;0;0;48;2;246;125;37m▀[38;2;246;125;37m██[38;2;246;125;37;48;2;0;0;0m▀▀[38;2;0;0;0;48;2;255;255;255m▀▀[38;2;255;255;255;48;2;0;0;0m▀▀[38;2;0;0;0m█████████████[0m
[38;2;0;0;0m██████████████████[38;2;255;255;255;48;2;0;0;0m▀[38;2;0;0;0;48;2;255;255;255m▀[38;2;25;31;51;48;2;0;0;0m▀[38;2;53;66;122m█████████[38;2;22;26;44;48;2;53;66;122m▀[38;2;0;0;0;48;2;53;66;122m▀▀▀[38;2;244;234;211;48;2;11;15;26m▀[38;2;244;234;211;48;2;0;0;0m▀▀▀[38;2;11;5;4;48;2;0;0;0m▀[38;2;209;36;19;48;2;0;0;0m▀▀▀[38;2;0;0;0m█[38;2;246;125;37;48;2;166;158;151m▀[38;2;0;0;0;48;2;255;255;255m▀▀[38;2;0;0;0m█[38;2;255;255;255;48;2;0;0;0m▀▀[38;2;0;0;0m█████████████████[0m
[38;2;0;0;0m████████████████████[38;2;255;255;255;48;2;0;0;0m▀[38;2;0;0;0;48;2;255;255;255m▀[38;2;53;66;122;48;2;0;0;0m▀[38;2;53;66;122m█████████████[38;2;53;66;122;48;2;0;0;0m▀[38;2;0;0;0;48;2;255;255;255m▀[38;2;255;255;255m█[38;2;255;255;255;48;2;0;0;0m▀▀▀[38;2;254;254;254;48;2;0;0;0m▀[38;2;0;0;0m███████████████████████[0m
[38;2;0;0;0m█████████████████████[38;2;255;255;255;48;2;0;0;0m▀[38;2;255;255;255m█[38;2;0;0;0m█[38;2;53;66;122;48;2;19;23;39m▀[38;2;53;66;122m████████[38;2;53;66;122;48;2;0;0;0m▀▀[38;2;0;0;0;48;2;255;255;255m▀[38;2;255;255;255;48;2;0;0;0m▀[38;2;0;0;0m█████████████████████████████[0m
[38;2;0;0;0m███████████████████████[38;2;255;255;255;48;2;0;0;0m▀[38;2;0;0;0;48;2;255;255;255m▀[38;2;53;66;122;48;2;0;0;0m▀[38;2;53;66;122m█████[38;2;53;66;122;48;2;0;0;0m▀[38;2;0;0;0;48;2;255;255;255m▀[38;2;66;66;66;48;2;255;255;255m▀[38;2;255;255;255;48;2;0;0;0m▀[38;2;0;0;0m███████████████████████████████[0m
[38;2;0;0;0m█████████████████████████[38;2;255;255;255;48;2;254;254;254m▀[38;2;0;0;0;48;2;255;255;255m▀[38;2;53;66;122;48;2;0;0;0m▀▀[38;2;0;0;0;48;2;95;95;95m▀[38;2;0;0;0;48;2;255;255;255m▀[38;2;255;255;255;48;2;0;0;0m▀[38;2;0;0;0m██████████████████████████████████[0m
[38;2;0;0;0m██████████████████████████[38;2;255;255;255;48;2;0;0;0m▀[38;2;0;0;0;48;2;254;254;254m▀[38;2;255;255;255;48;2;0;0;0m▀▀[38;2;0;0;0m████████████████████████████████████[0m
[38;2;0;0;0m██████████████████████████████████████████████████████████████████[0m
[38;2;0;0;0m██████████████████████████████████████████████████████████████████[0m
[38;2;0;0;0m██████████████████████████████████████████████████████████████████[0m
[38;2;0;0;0m██████████████████████████████████████████████████████████████████[0m
